0.7011747962259314 0.2988252037740686
0.7106262949857566 0.2893737050142434
0.7205758209341531 0.279424179065847
0.7042891551203285 0.2957108448796715
0.7012157792828744 0.29878422071712557
0.7099557622030199 0.2900442377969801
0.7030438541953894 0.29695614580461055
0.6916214294401877 0.30837857055981227
0.7159119666321263 0.28408803336787364
0.6961241204663916 0.3038758795336084
0.7013975010453616 0.2986024989546384
0.6920095974707479 0.3079904025292521
0.6962535953801547 0.3037464046198453
0.6947572251414889 0.3052427748585111
0.7011590914317134 0.29884090856828655
0.6799999300361417 0.3200000699638584
0.6836051358797811 0.3163948641202189
0.6731191901778959 0.3268808098221041
0.6818109007419481 0.31818909925805194
0.6797755342621905 0.3202244657378095
0.6796088366852748 0.3203911633147252
0.675705049120628 0.324294950879372
0.6732628588201905 0.32673714117980945
0.6703902390597016 0.32960976094029837
0.6674099499197268 0.33259005008027315
0.6756811257300376 0.3243188742699624
0.6740663813480683 0.3259336186519317
0.6668673762848463 0.3331326237151538
0.6552448420524566 0.3447551579475434
0.6717156667544862 0.32828433324551376
0.6706362272917528 0.3293637727082473
0.664935105624591 0.335064894375409
0.6627443365171991 0.3372556634828009
0.6523036405879152 0.34769635941208477
0.648376579513091 0.351623420486909
0.6668245702242964 0.3331754297757036
0.6659556782213706 0.3340443217786294
0.6399565022354538 0.36004349776454625
0.6480943066102869 0.35190569338971317
0.6449554876342722 0.35504451236572776
0.6406949424556154 0.3593050575443845
0.6366735942157333 0.36332640578426667
0.6412090152906248 0.3587909847093752
0.6426744916241525 0.3573255083758476
0.6534661351658042 0.3465338648341958
0.6531955300206276 0.3468044699793725
0.6387107964494918 0.36128920355050814
0.6359102854998016 0.3640897145001985
0.6226967810987727 0.3773032189012273
0.6173116325847241 0.38268836741527595
0.6148294486432461 0.38517055135675393
0.6141063820885011 0.3858936179114989
0.6086358688388409 0.39136413116115903
0.6262272843114496 0.37377271568855047
0.6452399092201283 0.3547600907798717
0.6336153316231317 0.3663846683768683
0.5996376387594984 0.4003623612405017
0.5926836424535826 0.4073163575464174
0.6151794969676039 0.3848205030323962
0.6411660015421778 0.3588339984578222
0.6144507430395814 0.3855492569604186
0.6113036302724031 0.38869636972759697
0.6133220178232215 0.38667798217677857
0.6373832247044964 0.3626167752955036
0.6124902826622494 0.38750971733775064
0.6049214196595138 0.39507858034048615
0.6375767402879771 0.3624232597120229
0.6114962315205239 0.3885037684794761
0.6088829107098215 0.39111708929017847
0.6053455380283423 0.39465446197165766
0.6330943214950948 0.36690567850490513
0.6044801077210585 0.39551989227894147
0.5773821178258256 0.42261788217417445
0.642979819256456 0.35702018074354397
0.6017986389716785 0.39820136102832143
0.6288599050663053 0.3711400949336947
0.5930083973116539 0.4069916026883461
0.5882459802935225 0.4117540197064775
0.5784325083117571 0.4215674916882429
0.5841109253644017 0.4158890746355984
0.6228869159628732 0.3771130840371268
0.5914181842575013 0.40858181574249874
0.6185580175582943 0.38144198244170574
0.5965433983261345 0.40345660167386554
0.593934590946298 0.40606540905370203
0.5931515704266913 0.4068484295733087
0.614150159010117 0.385849840989883
0.5914219370484111 0.408578062951589
0.6148739259560514 0.38512607404394855
0.5963886461169636 0.40361135388303643
0.5692692318213111 0.43073076817868894
0.6245319433466554 0.3754680566533446
0.590473582636724 0.40952641736327594
0.5899501991744494 0.4100498008255507
0.587373105937113 0.41262689406288694
0.5984203932163608 0.40157960678363924
0.5977286413363426 0.4022713586636574
0.5693848259711495 0.4306151740288505
0.6169296706251429 0.3830703293748571
0.582387719431901 0.41761228056809896
0.57809229673371 0.42190770326629
0.5745996920126915 0.4254003079873086
0.5644728869444415 0.4355271130555585
0.6098128533105266 0.3901871466894734
0.5729013171470629 0.427098682852937
0.5710350009462279 0.42896499905377206
0.5674212349941629 0.43257876500583714
0.5571730517270272 0.4428269482729728
0.6023352084924063 0.39766479150759376
0.5660256160857609 0.4339743839142392
0.5975193160712484 0.4024806839287516
0.5952429069758152 0.4047570930241848
0.5866642894569504 0.41333571054304963
0.5881347377857975 0.41186526221420255
0.5754289484317932 0.42457105156820685
0.5937744006549728 0.4062255993450272
0.5739526852758525 0.4260473147241474
0.5782519928506962 0.42174800714930377
0.5768556031032932 0.42314439689670685
0.5684958026718084 0.43150419732819156
0.5652793379489915 0.4347206620510085
0.5733465097659483 0.42665349023405175
0.5863248403796647 0.4136751596203353
0.5650825413767979 0.434917458623202
0.5901814515863688 0.40981854841363113
0.5750884370601419 0.42491156293985816
0.5674564807432221 0.432543519256778
0.5650013163376819 0.43499868366231814
0.5604214467193053 0.43957855328069473
0.556490160314927 0.443509839685073
0.5673220078962997 0.43267799210370034
0.5446019113588371 0.45539808864116293
0.5391144796731799 0.46088552032682006
0.5652019096998155 0.4347980903001845
0.5640005343687867 0.4359994656312133
0.5363363109184595 0.46366368908154054
0.5506015150062911 0.449398484993709
0.5478333093226408 0.4521666906773591
0.5467568590186187 0.45324314098138124
0.5497545296880736 0.4502454703119264
0.5653862321427015 0.4346137678572985
0.5382267939345926 0.46177320606540734
0.5452479619972768 0.4547520380027232
0.5430144558507658 0.4569855441492342
0.5276598621358947 0.47234013786410534
0.5690122862175722 0.4309877137824278
0.5333077445249003 0.46669225547509974
0.5625682435024273 0.4374317564975727
0.5347091554654528 0.4652908445345472
0.5644486525831167 0.43555134741688334
0.5391241045645061 0.46087589543549395
0.5601381459817139 0.4398618540182861
0.5383536740767365 0.46164632592326343
0.5341603058057274 0.46583969419427257
0.5242645239930939 0.4757354760069061
0.5197890334680193 0.48021096653198064
0.5226090555826837 0.4773909444173164
0.5183204017079546 0.4816795982920455
0.5132609968988124 0.48673900310118756
0.5072066358918187 0.4927933641081813
0.5240034640097645 0.4759965359902355
0.5210047940118518 0.4789952059881482
0.5336285040432799 0.4663714959567201
0.5025681082649416 0.4974318917350584
0.5074086542142597 0.4925913457857403
0.5099495805879029 0.4900504194120971
0.5066762207693216 0.4933237792306784
0.5086378793424648 0.49136212065753515
0.5406258334409579 0.45937416655904206
0.5018236644671122 0.49817633553288776
0.5339252507120504 0.46607474928794956
0.5072285820974289 0.492771417902571
0.5062213360993957 0.4937786639006043
0.5345741901071908 0.46542580989280924
0.5116523979005367 0.48834760209946326
0.5109015628965271 0.4890984371034729
0.5160913695728796 0.4839086304271204
0.520606518341619 0.479393481658381
0.5130323581920425 0.4869676418079575
0.517164002631107 0.48283599736889304
0.5225129104293789 0.47748708957062114
0.5173021239102059 0.4826978760897941
0.5060607233359665 0.4939392766640335
0.5440525723519558 0.4559474276480442
0.5234434045554206 0.4765565954445794
0.5002403724708544 0.4997596275291456
0.500052104207696 0.49994789579230403
0.5133876982596794 0.48661230174032055
0.5168449691748678 0.4831550308251322
0.5199987779487975 0.48000122205120255
0.5410005137999574 0.4589994862000426
0.5584446027883134 0.4415553972116866
0.523105470127935 0.47689452987206504
0.524707927491004 0.47529207250899597
0.5555328425683435 0.44446715743165655
0.5700793274277762 0.42992067257222377
0.5803193095288666 0.41968069047113343
0.5437889077795292 0.45621109222047085
0.5470912629479495 0.4529087370520505
0.5562936159743164 0.44370638402568363
0.5617651288174478 0.4382348711825522
0.5575480023528853 0.44245199764711474
0.5352904556228244 0.4647095443771756
0.5395097608310151 0.4604902391689849
0.569453410276593 0.430546589723407
0.5962175001343764 0.40378249986562365
0.5359009726167682 0.46409902738323183
0.5338988308716236 0.4661011691283764
0.5591915802242943 0.44080841977570573
0.5621538616543462 0.4378461383456538
0.6386925531384605 0.3613074468615395
0.6596555283759958 0.34034447162400416
0.6343050240887464 0.36569497591125355
0.5926711713796563 0.4073288286203437
0.6680204648710898 0.3319795351289102
0.6911101134228088 0.3088898865771912
0.5944553928499531 0.4055446071500469
0.6395444101719882 0.36045558982801185
0.6757947999211108 0.3242052000788892
0.6946471676133762 0.3053528323866238
0.6647893823951689 0.33521061760483106
0.6427112898696887 0.35728871013031127
0.6000534974774384 0.3999465025225616
0.711625355043999 0.28837464495600096
0.7347849992029365 0.2652150007970635
0.6691845937397065 0.3308154062602935
0.8605178819619984 0.1394821180380016
0.9208547834992151 0.07914521650078488
0.8610377913238305 0.13896220867616949
0.8560226785550064 0.14397732144499364
0.8296533591443643 0.17034664085563567
0.8305219575247134 0.16947804247528664
0.028746962348783378 0.9712530376512166
0.0823586858798303 0.9176413141201697
0.06007175252624031 0.9399282474737597
0.11578370038615127 0.8842162996138487
0.9865582345707499 0.01344176542925013
0.13464136499695334 0.8653586350030467
0.09759914558041893 0.9024008544195811
0.14531290573778133 0.8546870942622187
0.12817845305355413 0.8718215469464459
0.0984029685603377 0.9015970314396623
0.09904059207463956 0.9009594079253604
0.9897722521779888 0.01022774782201119
0.9369840562086877 0.06301594379131226
0.9258070306910973 0.07419296930890273
0.8036331740632552 0.19636682593674482
0.9998282321498148 0.00017176785018524487
0.047463768963993846 0.9525362310360062
0.001970449232896243 0.9980295507671038
0.8693841496366347 0.13061585036336532
0.09639149993996621 0.9036085000600338
0.9836185868098982 0.01638141319010178
0.15399950253245143 0.8460004974675486
0.06479674531959001 0.93520325468041
0.8730183247822147 0.12698167521778525
0.06080183423938068 0.9391981657606193
0.08515780430877429 0.9148421956912257
0.15073585727067285 0.8492641427293272
0.9979134571808002 0.0020865428191998436
0.9628234010024971 0.03717659899750292
0.08561247614459422 0.9143875238554058
0.06984872821163113 0.9301512717883689
0.019600145006261838 0.9803998549937382
0.00043021564728817907 0.9995697843527118
0.09114101961212628 0.9088589803878737
0.11887400901270839 0.8811259909872916
0.13386197966242952 0.8661380203375705
0.05979558673898144 0.9402044132610186
0.11090469920190982 0.8890953007980902
0.002260765192877545 0.9977392348071225
0.06655203491404749 0.9334479650859525
0.15134608255500437 0.8486539174449956
0.15694630490744355 0.8430536950925565
0.07577307333898053 0.9242269266610195
0.9644537942398929 0.03554620576010714
0.09855775341206319 0.9014422465879368
0.016572255031130245 0.9834277449688698
0.9834548449505387 0.016545155049461302
0.9510420728925766 0.048957927107423416
0.9497657366131799 0.05023426338682013
0.020128511781499436 0.9798714882185006
0.036599755417504376 0.9634002445824956
0.08809684816357366 0.9119031518364263
0.9085962902416658 0.09140370975833423
0.10476260479404109 0.8952373952059589
0.05282691368280179 0.9471730863171982
0.03894445695098492 0.9610555430490151
0.040310223107448806 0.9596897768925512
0.02888730637608916 0.9711126936239108
0.09720534571045292 0.9027946542895471
0.12141148473894658 0.8785885152610534
0.058373464095267225 0.9416265359047328
0.06746321530045829 0.9325367846995417
0.06204455554936161 0.9379554444506384
0.9401961268615846 0.0598038731384154
0.11574553318133629 0.8842544668186637
0.15884428986503185 0.8411557101349681
0.15357219678737943 0.8464278032126206
0.1205610124434936 0.8794389875565064
0.11658890624325369 0.8834110937567463
0.10226714259879699 0.897732857401203
0.038816448441334916 0.9611835515586651
0.0018160562499820454 0.998183943750018
0.07012486257262196 0.929875137427378
0.07656081483046484 0.9234391851695352
0.0687705836497714 0.9312294163502286
0.10740056285299038 0.8925994371470096
0.1060806393480086 0.8939193606519914
0.124152837811903 0.875847162188097
0.1259481185051864 0.8740518814948136
0.05251375316569917 0.9474862468343008
0.013049109255106717 0.9869508907448933
0.9338413011275146 0.06615869887248538
0.10772558449026104 0.892274415509739
0.06470095232772577 0.9352990476722742
0.08896660284632862 0.9110333971536714
0.9771875482500352 0.022812451749964824
0.03960042370762584 0.9603995762923742
0.04335794108153601 0.956642058918464
0.09800235579665595 0.901997644203344
0.026708278878497915 0.9732917211215021
0.013019894597435355 0.9869801054025646
0.0025294891143664566 0.9974705108856335
0.050777294090036285 0.9492227059099637
0.05541376557842592 0.9445862344215741
0.9858098794468279 0.014190120553172147
0.015248192635759383 0.9847518073642406
0.9614182158957277 0.038581784104272265
0.9986449162618701 0.0013550837381298697
0.05114411883930814 0.9488558811606919
0.06101761288953955 0.9389823871104604
0.034614204584958896 0.9653857954150411
0.044158258350227575 0.9558417416497724
0.04058324656679302 0.959416753433207
0.05711022691641365 0.9428897730835863
0.05700371631785406 0.9429962836821459
0.9545478772260181 0.04545212277398192
0.060583461521321325 0.9394165384786787
0.9939480929975487 0.0060519070024512844
0.9829591791508071 0.017040820849192895
0.9206397154984782 0.07936028450152177
0.10429777649678773 0.8957022235032123
0.9776967461715304 0.02230325382846965
0.9497989026168412 0.05020109738315881
0.01475112590357286 0.9852488740964271
0.007444230957033615 0.9925557690429664
0.09682648384702974 0.9031735161529703
0.08103676176788022 0.9189632382321198
0.9946197467936327 0.005380253206367258
0.8852255191363656 0.1147744808636344
0.024694294135009787 0.9753057058649902
0.01333978085242482 0.9866602191475752
0.9792887408506199 0.0207112591493801
0.003205663689310745 0.9967943363106893
0.05110317282181742 0.9488968271781826
0.0013267264049343641 0.9986732735950656
0.9952476755761832 0.0047523244238167894
0.02496694784158504 0.975033052158415
0.02187564912205142 0.9781243508779486
0.014093488106050045 0.98590651189395
0.008285668759283604 0.9917143312407164
0.9030495489500192 0.09695045104998079
0.025579393112075688 0.9744206068879243
0.0024838781560021506 0.9975161218439978
0.03737373790412757 0.9626262620958724
0.9708084086797691 0.02919159132023086
0.07244178550488278 0.9275582144951172
0.9598447339868106 0.04015526601318942
0.0340895263305564 0.9659104736694436
0.007597943192288348 0.9924020568077117
0.035076774138848354 0.9649232258611516
0.98894087558374 0.011059124416260002
0.04387756997532288 0.9561224300246771
0.9895163450090311 0.010483654990968927
0.05316499795769358 0.9468350020423064
0.021989955839778585 0.9780100441602214
0.020695184135361977 0.979304815864638
0.04455426069727286 0.9554457393027271
0.9653271831559884 0.03467281684401158
0.010620777716689234 0.9893792222833108
0.0032816606921172164 0.9967183393078828
0.9637332472045891 0.03626675279541092
0.051945288223724795 0.9480547117762752
0.9858763048680329 0.014123695131967096
0.03661599219049161 0.9633840078095084
0.03828282535121108 0.9617171746487889
0.9506432563663341 0.049356743633665934
0.027860242738575902 0.9721397572614241
0.06599424894586992 0.9340057510541301
0.09633239252420367 0.9036676074757963
0.014774650244727572 0.9852253497552724
0.05754819349547968 0.9424518065045203
0.954161516215921 0.045838483784078954
0.08194182881285694 0.9180581711871431
0.03403774442420515 0.9659622555757948
0.031991120366724246 0.9680088796332758
0.008991353622386344 0.9910086463776137
0.9970519809459746 0.002948019054025419
0.9695310602224223 0.030468939777577697
0.05682690343795993 0.9431730965620401
0.06093769865774068 0.9390623013422593
0.021044904261579234 0.9789550957384208
0.018219229722735042 0.981780770277265